631.193873
603.890933
465.045067
377.558230
350.694141
318.178007
251.134854
313.459956
218.301474
203.734383
234.563800
345.948434
174.098006
111.894064
122.318097
342.167562
154.741333
81.044810
172.460128
123.466071
113.940801
138.419555
133.271064
66.632243
789.886232
448.855975
425.945892
456.736850
481.848727
451.744174
601.309649
524.050660
699.828198
681.396058
540.831303
527.750925
516.904512
846.824974
577.103515
557.983374
545.184961
588.796475
543.493917
660.277362
617.111991
503.405412
577.764819
550.921371
574.329327
597.415039
584.547199
669.677471
540.685143
574.082959
585.994493
533.303479
536.202865
553.161657
568.558372
577.849200
561.944100
557.999441
645.495086
581.858442
576.438650
668.641653
573.278345
542.403431
588.596590
571.065628
588.957193
586.650127
692.875773
661.561299
555.538094
622.605139
563.407090
576.280691
587.085717
665.037818
815.117316
545.197218
531.300449
534.320228
519.485209
1196.780671
748.984751
867.316847
790.917299
713.773246
713.931461
687.781401
731.167166
800.740111
739.986812
795.239523
797.738452
825.284699
814.086396
745.757140
848.625823
754.818861
753.875686
764.428918
727.143888
739.988573
698.454028
765.159373
759.135731
769.137623
742.111542
753.223184
803.911276
880.163546
840.476698
776.059827
983.749038
1208.966197
945.218314
901.046990
896.968744
1339.669062
909.296857
753.230404
761.638050
943.396851
814.438909
969.955751
815.681583
745.629962
743.807356
839.855702
767.972489
816.607851
811.291879
742.120652
759.722500
820.284801
837.640154
825.190183
773.262200
710.979887
824.062031
818.015986
901.673304
751.558715
908.905843
902.858994
56845.435691
56732.128500
56694.055260
56681.927780
56688.238828
56727.205672
56777.576869
57281.576728
167888.226024
167922.738242
168019.845388
850.661996
515.946835
490.328006
527.499588
574.183733
1961.417062
1934.355549
1954.844857
1977.018683
-169.734968
-897.517847
-855.657579
502.081735
-4321.643003
-4831.680986
-5834.589160
-6145.394138
-6087.898693
-5991.736784
-6134.558636
-6168.302889
-6036.513887
-6334.157900
-6332.677608
-6262.559573
-6236.748546
-6367.507822
-6332.917728
-6114.001022
-6519.550237
-5989.848648
-5588.012872
-6224.372314
-6276.047583
-5748.710593
-6298.922412
-6377.532942
-6349.019438
-6586.655350
-6318.047078
-6309.307782
-6126.394428
-6245.789137
-6285.163153
-6445.146823
-6093.269370
-6430.954809
-6461.888267
-6583.313255
-6540.682384
-6393.266208
-6448.266785
-6099.506953
-6561.951685
-6504.275488
-6072.175739
-6495.304095
-6631.380371
-6463.156349
-6500.139506
-5800.812619
-6263.123569
-6146.951561
-6225.602273
-6674.672857
-8872.722541
-10354.901265
-10354.901265
-10354.901265
-10354.901265
-10354.901265
-10354.901265
-10354.901265
-10354.901265
-10354.901265
-10354.901265
-10354.901265
-10354.901265
-10354.901265
-10354.901265
-10354.901265
-10354.901265
-10354.901265
-10354.901265
-10354.901265
-10354.901265
-10354.901265
-9951.574680
-10710.422117
-10717.354494
-10651.847500
-10658.977376
-12722.772815
-6673.028691
-19929.324557
-11603.013892
-1858.649121
304.956642
-1729.149749
285.201209
-11754.479964
-5015.973883
4170172.325588
4135394.902216
-5081.797702
-4858.033594
-4913.693387
-4941.714873
-4675.097847
-4702.513898
-4661.089485
-5339.484833
-5500.775339
4054927.956630
3982778.238472
3917831.969432
141.617130
1119.450477
1646.783957
1955.918388
2151.790521
2282.135036
2370.448003
-5170.198534
-5629.131266
-4836.407960
-5171.502895
-5225.346448
-4369.296149
-5211.349385
-4661.495702
-5578.614036
-5243.885092
-5076.808153
-5049.211124
-5382.630815
-4926.744658
-5154.802862
-4330.102443
-4830.219266
-5177.713370
-5005.302335
-4016.358038
-4630.800147
-5082.179036
-5023.156609
-6450.971093
-4852.292453
-5022.427967
-4925.512583
-6019.522581
-4798.019098
-6494.667513
-4924.039945
-4846.266775
-11444.895421
-11761.677423
-12116.463710
