5225.967
5123.828
4730.202
5194.938
4731.643
5296.109
4637.429
4718.179
5514.371
4731.795
4331.768
4897.564
4182.806
4872.914
4587.485
4820.204
4874.229
5113.252
4898.207
5205.543
5036.694
5268.317
4819.592
5285.907
5291.613
5410.581
5465.229
5469.841
5481.655
5529.085
5446.761
5526.362
5523.599
5476.679
5351.781
5514.935
5563.903
5539.547
5307.270
5489.503
5553.274
5450.750
5491.863
5492.856
5460.232
5458.402
5518.426
4835.688
5184.723
5207.579
5176.239
5151.267
5182.029
5032.464
5112.737
4938.277
4961.377
5106.009
5120.297
5132.045
4802.783
5079.049
5099.629
5113.482
5070.656
5117.443
5001.321
5047.032
5162.473
5087.958
5115.822
5092.973
5070.781
5084.852
5000.684
5131.850
5098.668
5087.441
5140.958
5138.116
5121.253
5106.179
5097.406
5113.934
5118.269
5031.098
5096.171
5102.169
5010.455
5107.436
5138.702
5092.512
5110.600
5093.039
5095.877
4990.137
5023.147
5130.454
5063.433
5123.425
5110.666
5100.113
5022.522
4873.632
5146.308
5160.027
5156.690
5171.248
4713.237
5165.447
5046.710
5123.945
5201.114
5200.193
5225.603
5181.235
5111.139
5172.068
5116.393
5114.018
5086.616
5098.218
5166.835
5063.605
5158.017
5158.685
5147.855
5184.965
5171.615
5212.770
5145.327
5151.218
5141.034
5167.968
5156.535
5105.627
5029.590
5070.128
5135.046
4927.312
4703.761
4970.982
5016.408
5021.356
4579.474
5014.178
5171.075
5162.252
4980.151
5110.187
4954.730
5110.255
5180.357
5181.698
5085.165
5157.291
5108.359
5113.744
5182.943
5164.865
5103.964
5086.711
5099.386
5151.446
5213.492
5099.740
5105.918
5022.348
5173.125
5015.400
5022.147
4978.178
5101.242
5140.364
5150.811
5142.117
5101.392
5052.062
4552.442
4747.813
4781.838
4746.208
4554.955
4892.866
4919.703
4883.582
4838.144
3452.402
3488.780
3477.335
3464.205
5620.011
6344.687
6295.728
4931.251
6905.848
7411.158
8157.905
8461.701
8396.622
8293.147
8429.002
8455.593
8316.707
8607.665
8598.986
8521.803
8489.198
8613.335
8571.973
8346.472
8745.985
8209.552
7802.129
8438.488
8479.567
7946.365
8491.793
8564.674
8530.378
8762.378
8487.795
8473.657
8285.444
8399.941
8434.284
8589.246
8232.150
8565.290
8591.180
8707.586
8659.812
8507.399
8557.715
8204.250
8662.611
8600.180
8163.485
8582.750
8714.368
8541.541
8574.240
7870.633
8329.759
8209.762
8284.808
8730.208
10923.988
12398.827
12398.827
12398.827
12398.827
12398.827
12398.827
12398.827
12398.827
12398.827
12398.827
12398.827
12398.827
12398.827
12398.827
12398.827
12398.827
12398.827
12398.827
12398.827
12398.827
12398.827
12398.827
11822.035
12574.927
12575.178
12503.086
12503.800
14561.270
8503.179
21757.409
13415.737
3664.564
1503.811
3542.891
1531.490
13576.097
6830.648
5943.968
42037.226
6863.007
6639.049
6694.723
6722.708
6456.028
6483.627
6442.359
7120.947
7281.813
43134.437
41044.149
38885.755
2896.256
1918.423
1391.089
1081.955
886.083
755.738
667.425
6093.813
6895.352
7354.265
6561.148
6896.495
6950.318
6936.257
6386.351
7303.857
6968.783
6774.031
6801.706
7107.583
6651.511
6879.742
6055.035
6555.788
6903.526
6731.087
5742.248
6357.558
6809.327
6750.345
6879.502
6579.553
6749.904
6653.072
6448.164
6526.047
6923.448
6652.269
6905.943
13504.529
13815.439
14164.149
12202.406
